SUMBURGHHEAD 59.854 -1.275 26 08 00 18 00
STORNOWAY 58.2 -6.35 13 08 00 18 00
CASTLEBAY 56.95 -7.49 -999 08 00 18 00
WICK 58.44 -3.07 -999 08 00 18 00
NAIRN 57.586 -3.868 -999 08 00 18 00
ABERDEEN 57.1639 -2.10087 24 08 00 18 00
LEITH 55.976 -3.167 -999 08 00 18 00
SHIELDS 55.03 -1.44 -999 08 00 18 00
SPURNHEAD 53.575 0.111 9 08 00 18 00
LIVERPOOL 53.4 -3.08 60 08 00 18 00
HOLYHEAD 53.309 -4.633 -999 08 00 18 00
PEMBROKE 51.682 -5.176 -999 08 00 18 00
LOUGHBOROUGH 52.77 -1.21 -999 08 00 18 00
NOTTINGHAM 52.95 -1.16 -999 08 00 18 00
YARMOUTH 52.598 1.728 -999 08 00 18 00
CLACTON 51.783 1.150 16 08 00 18 00
BATH 51.383 -2.350 20 08 00 18 00
OXFORD 51.7612 -1.26399 63 08 00 20 00
LONDON 51.46 -0.12 -999 08 00 18 00
DUNGENESS 50.91 0.98 -999 08 00 18 00
DOVER 51.13 1.31 -999 08 00 18 00
PORTLANDBILL 50.514 -2.456 -999 08 00 18 00
SCILLY 49.925 -6.299 -999 08 00 18 00
JERSEY 49.20 -2.13 -999 08 00 18 00
MALINHEAD 55.4 -7.3 20 08 00 18 00
DONAGHADEE 54.645 -5.53 -999 08 00 18 00
BLACKSODPOINT 54.1 -10.06 -999 08 00 18 00
PARSONSTOWN 53.09 -7.92 -999 08 00 18 00
BIRRCASTLE 53.10 -7.91 -999 08 00 18 00
VALENCIA 51.9 -10.3 9 08 00 18 00
ROCHESPOINT 51.8 -8.3 40 08 00 18 00
ISAFJORD 66.06 -23.19 -999 08 00 18 00
BLONDUOS 65.66 -20.28 -999 08 00 18 00
REYKJAVIK 64.13 -21.82 -999 08 00 18 00
SEYDISFJORD 65.26 -14.01 -999 08 00 18 00
THORSHAVN 62.02 -6.77 -999 08 00 18 00
BODO 67.28 14.40 13 07 00 19 00
HAPARANDA 65.8 24.1 5 07 00 19 00
CHRISTIANSUND 63.11 7.73 -999 07 00 19 00
HERNOSAND 62.63 17.94 8 07 00 19 00
SKUDESNAES 59.15 5.25 -999 07 00 19 00
FAERDER 59.03 10.53 6 07 00 19 00
KARLSTAD 59.4 13.5 46 07 00 19 00
STOCKHOLM 59.4 17.9 14 07 00 19 00
WISBY 57.7 18.3 42 07 00 19 00
SKAGEN 57.74 10.63 -999 07 00 19 00
FANO 55.413 8.414 -999 07 00 19 00
CUXHAVEN 53.859 8.688 -999 07 00 19 00
BERLIN 52.5 13.4 50 07 00 19 00
WIESBADEN 50.08 8.24 115  07 00 19 00
FRANKFURT 50.1 8.6 113 07 00 19 00
MUNICH 48.2 11.6 525 07 00 19 00
THEHELDER 52.956 4.761 -999 07 00 19 00
BRUSSELS 50.8 4.4 100 08 00 18 00
CAPGRISNEZ 50.875 1.576 -999 07 00 18 00
LEHAVRE 49.49 0.11 -999 07 00 19 00
BREST 48.5 -4.4 98 07 00 18 00
LORIENT 47.748 -3.37 -999 07 00 18 00
PARIS 48.8 2.3 75 07 00 18 00
BELFORT 47.640 6.864 -999 07 00 18 00
NANCY 48.69 6.18 -999 07 00 18 00
ROCHEFORT 45.937 -0.962 -999 07 00 18 00
LYONS  45.764 4.836 -999 07 00 18 00
BIARRITZ 43.483 -1.559 -999 07 00 18 00
PERPIGNAN 42.7 2.9 42 07 00 18 00
NICE   43.710 7.262 -999 07 00 18 00
SANGUINAIRE 41.89 8.61 -999 07 00 19 00
CORUNNA 43.4 -8.4 58 08 00 18 00
LISBON 38.8 -9.23 95 08 36 16 00
GIBRALTAR 36.14 -5.35 -999 08 00 18 00
PONTADELGADA 37.8 -25.7 35 08 00 23 00
HORTA 38.535 -28.630 -999 07 55 22 55
MADEIRA 32.67 -16.92 -999 08 00 23 00